function y = Clbhta(x)

  y = -0.0119 * x^3 + 0.0115 * x^2 + 0.0883 * x - 0.1122;
  
end
