function y = Cnbhta(x)

  y = -0.0139 * x^3 - 0.0408 * x^2 + 0.0283 * x + 0.0716;
  
end
